

Matrix Size: 32 * 32
Serial: 0.000010 seconds
ThreadNum:	1	2	3	4	5	6	7	8	
RunTime:  	0.000015	0.000028	0.000029	0.000025	0.000023	0.000028	0.000034	0.000037	
Speed up:  	0.678082	0.347368	0.339041	0.399194	0.438053	0.349823	0.287791	0.269755	

Matrix Size: 64 * 64
Serial: 0.000032 seconds
ThreadNum:	1	2	3	4	5	6	7	8	
RunTime:  	0.000031	0.000031	0.000026	0.000037	0.000043	0.000040	0.000037	0.000046	
Speed up:  	1.042345	1.032258	1.245136	0.869565	0.740741	0.802005	0.869565	0.695652	

Matrix Size: 128 * 128
Serial: 0.000130 seconds
ThreadNum:	1	2	3	4	5	6	7	8	
RunTime:  	0.000119	0.000083	0.000058	0.000062	0.000064	0.000066	0.000077	0.000067	
Speed up:  	1.093043	1.576784	2.240550	2.116883	2.031153	1.987805	1.697917	1.940476	

Matrix Size: 256 * 256
Serial: 0.000444 seconds
ThreadNum:	1	2	3	4	5	6	7	8	
RunTime:  	0.000434	0.000268	0.000217	0.000184	0.000200	0.000174	0.000176	0.000168	
Speed up:  	1.024205	1.655365	2.045580	2.415987	2.219281	2.556387	2.518707	2.639929	

Matrix Size: 512 * 512
Serial: 0.001732 seconds
ThreadNum:	1	2	3	4	5	6	7	8	
RunTime:  	0.001772	0.000962	0.000700	0.000518	0.000611	0.000569	0.000546	0.000563	
Speed up:  	0.977874	1.801497	2.473940	3.343304	2.837373	3.046957	3.172496	3.077811	

Matrix Size: 1024 * 1024
Serial: 0.007201 seconds
ThreadNum:	1	2	3	4	5	6	7	8	
RunTime:  	0.007781	0.003960	0.002532	0.001941	0.002302	0.001982	0.002024	0.002102	
Speed up:  	0.925438	1.818301	2.844076	3.709282	3.128100	3.634033	3.558257	3.426695	

Matrix Size: 2048 * 2048
Serial: 0.028531 seconds
ThreadNum:	1	2	3	4	5	6	7	8	
RunTime:  	0.033344	0.016388	0.010713	0.013085	0.008773	0.008142	0.009093	0.010478	
Speed up:  	0.855655	1.740919	2.663235	2.180479	3.251918	3.504268	3.137621	2.722993	

Matrix Size: 4096 * 4096
Serial: 0.131199 seconds
ThreadNum:	1	2	3	4	5	6	7	8	
RunTime:  	0.135090	0.068050	0.041391	0.033519	0.034642	0.033749	0.032826	0.032377	
Speed up:  	0.971198	1.927961	3.169717	3.914136	3.787240	3.887496	3.996768	4.052182	

Matrix Size: 8192 * 8192
Serial: 0.450475 seconds
ThreadNum:	1	2	3	4	5	6	7	8	
RunTime:  	0.446747	0.241171	0.165976	0.139809	0.145973	0.150929	0.151602	0.154463	
Speed up:  	1.008343	1.867867	2.714101	3.222069	3.086017	2.984683	2.971433	2.916388	

Matrix Size: 16384 * 16384
Serial: 1.903057 seconds
ThreadNum:	1	2	3	4	5	6	7	8	
RunTime:  	1.881285	1.001451	0.708608	0.627772	0.627988	0.622149	0.620905	0.621640	
Speed up:  	1.011573	1.900300	2.685628	3.031446	3.030406	3.058845	3.064971	3.061351	

Matrix Size: 32768 * 32768
Serial: 7.301317 seconds
ThreadNum:	1	2	3	4	5	6	7	8	
RunTime:  	7.289987	3.875762	3.037428	2.414342	2.454091	2.476095	2.500583	2.726401	
Speed up:  	1.001554	1.883840	2.403782	3.024143	2.975161	2.948723	2.919846	2.678005	